time,open,high,low,close,volume
2019-01-31T20:30:00.000000000Z,61.072,61.127,61.042,61.112,239
2019-01-31T20:45:00.000000000Z,61.116,61.222,61.102,61.162,365
2019-01-31T21:00:00.000000000Z,61.162,61.217,61.162,61.187,147
2019-01-31T21:15:00.000000000Z,61.192,61.192,61.132,61.142,89
2019-01-31T21:30:00.000000000Z,61.136,61.137,61.062,61.127,123
2019-01-31T21:45:00.000000000Z,61.132,61.197,61.112,61.172,153
2019-01-31T22:00:00.000000000Z,61.112,61.147,61.097,61.147,30
2019-01-31T22:15:00.000000000Z,61.152,61.182,61.082,61.152,66
2019-01-31T22:30:00.000000000Z,61.146,61.232,61.137,61.192,16
2019-01-31T22:45:00.000000000Z,61.187,61.242,61.182,61.242,8
2019-02-01T01:00:00.000000000Z,61.087,61.362,61.082,61.362,891
2019-02-01T01:15:00.000000000Z,61.359,61.359,61.267,61.314,298
2019-02-01T01:30:00.000000000Z,61.312,61.322,61.102,61.127,391
2019-02-01T01:45:00.000000000Z,61.121,61.121,60.851,60.871,731
2019-02-01T02:00:00.000000000Z,60.874,60.926,60.766,60.916,694
2019-02-01T02:15:00.000000000Z,60.919,60.951,60.871,60.926,298
2019-02-01T02:30:00.000000000Z,60.922,60.922,60.856,60.916,323
2019-02-01T02:45:00.000000000Z,60.911,60.946,60.896,60.901,221
2019-02-01T03:00:00.000000000Z,60.896,60.926,60.856,60.901,232
2019-02-01T03:15:00.000000000Z,60.904,60.986,60.876,60.961,193
2019-02-01T03:30:00.000000000Z,60.964,60.979,60.896,60.926,120
2019-02-01T03:45:00.000000000Z,60.922,60.931,60.901,60.901,126
2019-02-01T04:00:00.000000000Z,60.896,61.068,60.849,61.051,326
2019-02-01T04:15:00.000000000Z,61.054,61.101,61.026,61.096,174
2019-02-01T04:30:00.000000000Z,61.099,61.101,61.009,61.026,163
2019-02-01T04:45:00.000000000Z,61.021,61.051,60.991,60.991,97
2019-02-01T05:00:00.000000000Z,60.986,61.019,60.961,61.006,135
2019-02-01T05:15:00.000000000Z,61.009,61.036,60.976,61.036,105
2019-02-01T05:30:00.000000000Z,61.032,61.069,60.916,60.946,318
2019-02-01T05:45:00.000000000Z,60.942,60.966,60.886,60.901,218
2019-02-01T06:00:00.000000000Z,60.904,60.989,60.901,60.936,302
2019-02-01T06:15:00.000000000Z,60.93,60.999,60.896,60.956,399
2019-02-01T06:30:00.000000000Z,60.949,61.021,60.926,61.006,259
2019-02-01T06:45:00.000000000Z,61.001,61.001,60.856,60.866,354
2019-02-01T07:00:00.000000000Z,60.871,61.021,60.866,61.011,248
2019-02-01T07:15:00.000000000Z,61.009,61.021,60.951,61.011,341
2019-02-01T07:30:00.000000000Z,61.006,61.116,61.006,61.081,527
2019-02-01T07:45:00.000000000Z,61.084,61.116,61.021,61.071,531
2019-02-01T08:00:00.000000000Z,61.066,61.106,60.886,60.961,780
2019-02-01T08:15:00.000000000Z,60.956,61.001,60.701,60.881,1453
2019-02-01T08:30:00.000000000Z,60.877,61.001,60.866,60.936,819
2019-02-01T08:45:00.000000000Z,60.931,60.936,60.591,60.706,1267
2019-02-01T09:00:00.000000000Z,60.7,60.831,60.623,60.791,1006
2019-02-01T09:15:00.000000000Z,60.786,60.791,60.641,60.711,805
2019-02-01T09:30:00.000000000Z,60.715,60.781,60.501,60.601,1019
2019-02-01T09:45:00.000000000Z,60.596,60.723,60.531,60.711,943
2019-02-01T10:00:00.000000000Z,60.708,60.791,60.661,60.741,957
2019-02-01T10:15:00.000000000Z,60.745,60.931,60.666,60.921,866
2019-02-01T10:30:00.000000000Z,60.916,60.946,60.801,60.801,804
2019-02-01T10:45:00.000000000Z,60.806,61.056,60.796,61.011,966
